000009
000043
000046
000049
000054
000080
000083
000084
000111
000115
000123
000133
000149
000155
000160
000162
000180
000184
000202
000205
000214
000227
000228
000240
000244
000277
000304
000316
000326
000342
000349
000375
000389
000390
000411
000416
000421
000434
000438
000449
000456
000460
000461
000465
000497
000501
000511
000514
000518
000532
000535
000537
000538
000544
000550
000556
000557
000575
000578
000579
000594
000597
000617
000621
000629
000661
000666
000676
000697
000705
000715
000724
000739
000749
000757
000760
000762
000770
000775
000776
000783
000785
000786
000787
000808
000814
000821
000824
000825
000842
000845
000858
000861
000864
000882
000903
000914
000935
000947
000951
000962
000978
000980
000982
000992
000994
000998
001016
001028
001029
001031
001033
001040
001047
001049
001057
001062
001090
001100
001103
001109
001112
001117
001119
001130
001137
001164
001170
001171
001190
001196
001215
001223
001227
001240
001258
001279
001282
001293
001301
001315
001316
001328
001351
001368
001385
001393
001426
001436
001464
001470
001479
001496
001498
001499
001510
001519
001523
001531
001532
001534
001544
001571
001584
001595
001607
001620
001622
001636
001637
001652
001653
001659
001671
001678
001695
001725
001743
001756
001760
001763
001769
001810
001816
001830
001832
001843
001850
001873
001883
001899
001906
001908
001917
001939
001950
001963
001964
001976
001981
001988
001990
002007
002032
002040
002047
002055
002060
002070
002072
002077
002099
002116
002126
002129
002147
002149
002155
002156
002164
002174
002189
002190
002203
002205
002211
002212
002214
002221
002222
002256
002261
002274
002297
002305
002311
002313
002317
002324
002328
002351
002358
002368
002430
002436
002438
002449
002459
002475
002480
002491
002494
002508
002522
002533
002542
002544
002547
002560
002597
002609
002623
002629
002632
002642
002647
002648
002652
002665
002671
002672
002682
002697
002719
002732
002750
002754
002756
002770
002781
002782
002788
002802
002822
002824
002835
002837
002854
002862
002868
002871
002872
002873
002874
002886
002899
002907
002912
002918
002921
002932
002933
002941
002968
002970
002972
002996
003002
003012
003016
003036
003039
003044
003057
003063
003089
003120
003123
003149
003154
003164
003184
003191
003200
003205
003234
003261
003262
003273
003284
003287
003297
003299
003320
003321
003327
003332
003342
003345
003348
003354
003369
003381
003416
003423
003424
003427
003436
003438
003445
003454
003458
003473
003486
003494
003522
003549
003560
003566
003569
003572
003576
003586
003587
003596
003625
003626
003628
003656
003660
003665
003686
003693
003695
003701
003706
003720
003730
003731
003741
003745
003752
003758
003759
003765
003770
003796
003803
003810
003825
003833
003836
003838
003842
003843
003849
003863
003868
003876
003895
003903
003906
003927
003929
003939
003940
003947
003963
003988
004005
004006
004013
004017
004022
004030
004043
004044
004053
004056
004057
004071
004084
004097
004102
004106
004112
004139
004147
004212
004219
004225
004230
004231
004236
004262
004272
004279
004286
004296
004308
004317
004339
004351
004354
004378
004386
004389
004394
004399
004408
004417
004441
004442
004445
004448
004451
004467
004476
004484
004497
004498
004500
004503
004505
004506
004514
004522
004523
004524
004535
004544
004565
004593
004595
004604
004614
004623
004625
004639
004646
004671
004678
004684
004690
004703
004728
004736
004750
004754
004755
004760
004761
004765
004771
004775
004781
004794
004803
004805
004820
004827
004865
004869
004872
004882
004900
004911
004930
004933
004936
004961
004969
004977
004992
004997
005000
005003
005012
005018
005020
005029
005030
005046
005047
005084
005107
005116
005117
005150
005154
005192
005195
005204
005209
005210
005220
005225
005232
005235
005239
005245
005250
005258
005294
005306
005320
005324
005355
005356
005397
005401
005436
005438
005463
005469
005502
005504
005519
005526
005527
005533
005561
005563
005567
005575
005583
005594
005598
005604
005607
005620
005621
005624
005626
005645
005647
005661
005674
005679
005682
005693
005701
005702
005716
005758
005773
005776
005779
005802
005808
005813
005830
005842
005846
005860
005870
005871
005874
005884
005886
005896
005930
005932
005934
005950
005956
005968
005976
006000
006051
006053
006064
006081
006089
006091
006101
006134
006143
006149
006160
006174
006179
006197
006201
006207
006220
006223
006231
006235
006237
006261
006271
006277
006279
006283
006298
006304
006310
006313
006319
006341
006352
006363
006374
006375
006378
006384
006397
006399
006404
006428
006447
006448
006479
006494
006500
006504
006518
006547
006564
006573
006575
006579
006591
006600
006616
006621
006644
006645
006646
006662
006668
006688
006691
006706
006708
006718
006736
006743
006750
006774
006784
006814
006821
006831
006835
006871
006880
006886
006894
006911
006924
006926
006933
006934
006935
006939
006951
006985
007002
007004
007009
007018
007020
007045
007054
007101
007104
007118
007121
007123
007126
007128
007137
007142
007173
007192
007211
007231
007239
007241
007250
007259
007296
007301
007316
007333
007334
007367
007373
007378
007386
007393
007399
007404
007406
007414
007443
007446
007459
007461
007479
