000003
000009
000010
000017
000029
000036
000038
000043
000044
000046
000049
000054
000057
000064
000070
000074
000079
000080
000083
000084
000087
000091
000095
000101
000103
000105
000110
000111
000115
000123
000130
000133
000145
000149
000150
000155
000160
000162
000171
000172
000180
000184
000198
000202
000205
000208
000210
000214
000227
000228
000232
000240
000244
000245
000255
000261
000271
000277
000280
000285
000286
000295
000304
000316
000317
000318
000326
000342
000349
000371
000375
000380
000389
000390
000400
000406
000411
000412
000416
000417
000421
000423
000432
000433
000434
000435
000438
000442
000445
000449
000456
000460
000461
000464
000465
000470
000483
000488
000497
000500
000501
000511
000514
000518
000532
000535
000537
000538
000540
000544
000550
000552
000556
000557
000575
000578
000579
000594
000596
000597
000602
000617
000621
000629
000652
000661
000663
000666
000671
000673
000675
000676
000687
000689
000697
000705
000707
000715
000720
000723
000724
000733
000739
000749
000757
000760
000762
000763
000770
000775
000776
000783
000785
000786
000787
000788
000789
000794
000808
000814
000821
000822
000824
000825
000828
000830
000833
000834
000842
000845
000851
000857
000858
000861
000864
000865
000867
000882
000895
000901
000902
000903
000914
000924
000935
000945
000946
000947
000950
000951
000962
000975
000978
000980
000982
000987
000992
000994
000995
000998
001009
001016
001028
001029
001030
001031
001033
001036
001040
001047
001048
001049
001057
001062
001079
001080
001081
001090
001092
001100
001103
001105
001109
001112
001117
001119
001128
001130
001137
001146
001151
001164
001170
001171
001174
001185
001190
001196
001208
001215
001223
001227
001240
001250
001258
001276
001279
001280
001282
001285
001293
001299
001301
001311
001312
001315
001316
001319
001328
001335
001340
001341
001348
001351
001360
001362
001368
001370
001373
001378
001379
001385
001393
001401
001403
001414
001423
001426
001429
001433
001436
001453
001464
001470
001476
001479
001491
001494
001496
001498
001499
001506
001510
001519
001523
001529
001530
001531
001532
001534
001540
001544
001548
001551
001554
001558
001559
001568
001571
001578
001584
001595
001607
001612
001614
001620
001622
001624
001626
001628
001630
001632
001636
001637
001651
001652
001653
001659
001671
001673
001678
001685
001695
001700
001703
001725
001734
001737
001739
001743
001754
001756
001760
001763
001769
001777
001788
001789
001791
001796
001806
001810
001816
001821
001830
001832
001842
001843
001845
001850
001857
001864
001870
001873
001876
001883
001895
001899
001906
001908
001911
001916
001917
001918
001921
001939
001947
001950
001956
001957
001962
001963
001964
001965
001971
001973
001976
001981
001988
001990
001994
002003
002007
002015
002032
002039
002040
002041
002047
002051
002055
002060
002063
002067
002070
002072
002077
002096
002099
002105
002106
002114
002116
002126
002129
002133
002144
002147
002149
002155
002156
002164
002172
002174
002180
002189
002190
002194
002195
002197
002199
002203
002205
002211
002212
002213
002214
002221
002222
002236
002238
002240
002256
002259
002261
002263
002267
002271
002273
002274
002285
002297
002302
002305
002311
002312
002313
002316
002317
002318
002321
002324
002328
002331
002335
002342
002351
002354
002358
002363
002368
002377
002381
002388
002394
002395
002400
002406
002408
002417
002421
002430
002436
002438
002444
002448
002449
002451
002459
002465
002472
002475
002480
002482
002489
002491
002494
002498
002508
002517
002518
002522
002527
002533
002537
002542
002544
002545
002547
002553
002560
002587
002588
002592
002597
002607
002609
002618
002622
002623
002629
002632
002637
002639
002642
002647
002648
002649
002650
002652
002655
002664
002665
002671
002672
002682
002684
002688
002689
002697
002708
002719
002723
002731
002732
002738
002739
002750
002754
002756
002759
002770
002774
002781
002782
002788
002795
002802
002807
002808
002822
002824
002829
002835
002837
002843
002849
002854
002855
002860
002862
002868
002871
002872
002873
002874
002886
002899
002904
002907
002910
002912
002913
002918
002921
002922
002931
002932
002933
002941
002943
002956
002968
002970
002972
002975
002983
002986
002996
002998
003002
003009
003012
003015
003016
003017
003026
003036
003039
003044
003051
003057
003063
003069
003078
003084
003089
003091
003098
003105
003113
003119
003120
003121
003123
003125
003130
003132
003143
003149
003154
003158
003164
003168
003171
003184
003186
003188
003189
003191
003195
003198
003200
003205
003220
003234
003237
003245
003248
003260
003261
003262
003264
003267
003271
003273
003277
003284
003287
003291
003297
003299
003303
003309
003311
003314
003317
003320
003321
003327
003329
003332
003339
003342
003345
003348
003354
003359
003361
003369
003381
003384
003388
003398
003413
003416
003418
003420
003423
003424
003427
003436
003437
003438
003439
003441
003445
003451
003454
003457
003458
003463
003473
003476
003477
003486
003493
003494
003514
003522
003537
003541
003548
003549
003560
003566
003569
003572
003575
003576
003577
003578
003579
003585
003586
003587
003589
003592
003596
003597
003598
003602
003603
003612
003613
003617
003625
003626
003628
003638
003642
003644
003650
003656
003660
003665
003666
003673
003675
003681
003685
003686
003693
003695
003699
003701
003704
003706
003709
003720
003730
003731
003732
003740
003741
003745
003749
003752
003758
003759
003760
003765
003770
003772
003790
003792
003795
003796
003797
003803
003810
003813
003824
003825
003831
003832
003833
003836
003838
003842
003843
003849
003855
003863
003868
003876
003877
003887
003888
003889
003895
003903
003906
003910
003911
003927
003929
003933
003939
003940
003944
003947
003953
003955
003960
003963
003967
003976
003988
003995
003999
004005
004006
004012
004013
004017
004022
004023
004030
004031
004035
004037
004043
004044
004046
004053
004056
004057
004067
004069
004071
004078
004084
004097
004102
004106
004112
004115
004134
004139
004146
004147
004176
004178
004183
004184
004198
004203
004211
004212
004218
004219
004225
004227
004230
004231
004236
004238
004252
004258
004261
004262
004264
004265
004268
004272
004279
004283
004286
004296
004308
004317
004320
004328
004339
004351
004354
004357
004371
004378
004379
004381
004386
004389
004394
004395
004399
004405
004408
004409
004411
004417
004428
004441
004442
004445
004448
004451
004463
004464
004467
004476
004479
004484
004497
004498
004500
004503
004504
004505
004506
004507
004514
004522
004523
004524
004525
004535
004544
004555
004564
004565
004572
004584
004592
004593
004594
004595
004597
004601
004602
004604
004614
004623
004625
004635
004639
004643
004646
004653
004659
004662
004663
004671
004674
004677
004678
004684
004690
004701
004702
004703
004707
004712
004728
004729
004733
004736
004750
004754
004755
004760
004761
004765
004771
004775
004779
004781
004794
004801
004803
004805
004809
004820
004827
004855
004865
004869
004870
004872
004876
004877
004882
004884
004886
004890
004894
004900
004901
004911
004922
004930
004933
004936
004937
004961
004965
004969
004971
004972
004975
004977
004978
004980
004992
004997
005000
005003
005007
005009
005011
005012
005018
005020
005022
005029
005030
005046
005047
005059
005069
005084
005085
005087
005089
005092
005107
005111
005116
005117
005130
005131
005146
005150
005154
005160
005173
005183
005187
005192
005195
005204
005205
005209
005210
005212
005220
005225
005232
005235
005239
005245
005250
005258
005265
005266
005272
005285
005286
005293
005294
005302
005306
005320
005324
005327
005346
005352
005355
005356
005373
005380
005384
005387
005395
005396
005397
005398
005401
005408
005411
005414
005425
005432
005433
005436
005438
005455
005462
005463
005469
005470
005488
005492
005500
005502
005504
005508
005516
005519
005524
005526
005527
005533
005541
005547
005553
005561
005563
005567
005568
005574
005575
005579
005583
005585
005594
005598
005599
005604
005606
005607
005608
005620
005621
005624
005626
005645
005647
005654
005655
005657
005661
005674
005679
005682
005693
005694
005701
005702
005716
005718
005721
005726
005738
005748
005752
005758
005771
005773
005776
005778
005779
005789
005802
005808
005810
005813
005825
005830
005831
005835
005837
005838
005842
005846
005847
005850
005853
005858
005860
005861
005870
005871
005874
005880
005884
005886
005888
005890
005896
005915
005924
005930
005932
005934
005940
005941
005945
005946
005950
005956
005968
005971
005976
005980
005991
006000
006011
006025
006040
006051
006053
006064
006080
006081
006084
006089
006090
006091
006101
006129
006134
006137
006143
006149
006160
006170
006174
006179
006184
006197
006201
006207
006218
006220
006223
006224
006226
006231
006234
006235
006237
006239
006242
006243
006254
006256
006260
006261
006271
006277
006279
006283
006298
006299
006304
006307
006309
006310
006313
006319
006325
006330
006341
006346
006352
006358
006362
006363
006374
006375
006378
006384
006387
006392
006397
006399
006404
006428
006430
006431
006443
006447
006448
006458
006459
006460
006463
006467
006479
006490
006494
006500
006501
006504
006511
006518
006527
006536
006547
006559
006564
006572
006573
006575
006579
006591
006594
006598
006599
006600
006608
006609
006615
006616
006621
006635
006639
006644
006645
006646
006657
006662
006668
006688
006689
006690
006691
006702
006706
006708
006718
006724
006728
006735
006736
006739
006740
006743
006749
006750
006774
006784
006788
006805
006814
006821
006830
006831
006835
006838
006839
006840
006864
006867
006871
006878
006880
006886
006888
006890
006894
006896
006902
006905
006911
006923
006924
006926
006927
006932
006933
006934
006935
006939
006940
006951
006961
006969
006974
006976
006984
006985
006995
006996
007002
007004
007009
007018
007020
007039
007045
007051
007054
007057
007060
007062
007064
007090
007092
007101
007104
007107
007113
007118
007121
007123
007126
007128
007137
007142
007143
007148
007153
007167
007171
007173
007186
007191
007192
007193
007196
007197
007206
007211
007222
007226
007228
007231
007234
007236
007239
007241
007245
007249
007250
007257
007259
007263
007268
007276
007282
007296
007301
007308
007313
007316
007321
007324
007328
007332
007333
007334
007335
007363
007367
007368
007373
007378
007379
007386
007392
007393
007394
007399
007404
007406
007408
007414
007431
007432
007443
007444
007446
007451
007454
007457
007459
007460
007461
007465
007471
007479
